Alabama,Alaska,Arizona,Arkansas,California,Colorado,Connecticut,Delaware,District of Columbia,Florida,Georgia,Hawaii,Idaho,Illinois,Indiana,Iowa,Kansas,Kentucky,Louisiana,Maine,Maryland,Massachusetts,Michigan,Minnesota,Mississippi,Missouri,Montana,Nebraska,Nevada,New Hampshire,New Jersey,New Mexico,New York,North Carolina,North Dakota,Ohio,Oklahoma,Oregon,Pennsylvania,Rhode Island,South Carolina,South Dakota,Tennessee,Texas,Utah,Vermont,Virginia,Washington,West Virginia,Wisconsin,Wyoming
1.0,-0.1965783493474288,-0.33750425822876523,0.9333208219592447,-0.7203836262624894,-0.5112025409772901,-0.5437596448165258,-0.15435607893805334,-0.466585948724286,0.12113085919385246,0.6431128909555176,-0.41625602231667436,0.13518770505879688,-0.6279459397034182,0.6971495180274835,0.33851542427335385,0.3434367723023751,0.8210448836476566,0.5581316052136324,-0.2888949419105389,-0.2709821221946436,-0.825909829659721,0.12393645419593895,-0.40849057818099965,0.9101202567174733,0.8309498764246743,0.17628389961312213,0.33291177871679856,-0.2583237320553431,-0.29815725825972456,-0.5491290541114805,-0.37238639860822176,-0.4258410360406759,0.766621948678458,0.43136720164356196,0.5662293785318391,0.3939534290177982,-0.7928444962909124,0.07540755573494186,-0.6978408840468784,0.9443793677862311,0.4006736643470012,0.9414577065847232,-0.15561931634665235,-0.28395337958148914,-0.5767372500838116,0.02194731653310759,-0.8853457382010683,0.727767272510099,-0.19748546207574183,0.3481180233400652
-0.1965783493474288,1.0,0.26552443982501683,-0.10328050006791782,-0.03367521033963695,-0.22936976762650602,-0.41441558388007704,-0.42087780317719187,-0.20594283787825107,-0.4556504027509424,-0.286665118883537,0.12298524020416052,0.32580166801928584,-0.3532437894647141,-0.04726808839453262,-0.08885900373386078,0.13575881933983994,-0.15846093007966117,0.08168905838423873,-0.15020390527567976,-0.3251825623403046,-0.19026230957016266,-0.3381326857590985,-0.08297245574593498,-0.1963905047168039,-0.2485140429751866,0.49936099342496754,0.1907241937036068,-0.07380855540738052,-0.2190648732674048,-0.34273798637751346,0.3903856245636267,-0.24781734644186268,-0.3642802105475327,0.5129431484255345,-0.2552380821112099,0.7003341474368001,0.005867915870016012,-0.610695723690298,-0.2904700186286496,-0.3620690270328308,0.632385469849066,-0.221646904584335,0.08306117977406413,0.4237642249090737,-0.20058434675870543,-0.4685958371360552,0.14860528448617477,-0.14935130697760954,-0.14711150687968844,0.29930152025377443
-0.33750425822876523,0.26552443982501683,1.0,-0.21090105027512698,0.6015419697967191,0.34498654382048505,0.19449533873270364,-0.05943602591229345,-0.03326799524975923,0.5193495215221008,-0.19534170024534533,0.07905201665610262,-0.06524216220677548,0.24779107278899917,-0.39496692617251433,-0.47213495231434305,-0.1299042351330287,-0.3396984278958058,-0.296668501932776,-0.3189870776397514,-0.04037605678794721,0.004937985750052801,-0.6537264310772368,-0.5061441612326997,-0.33070501073389924,-0.40883859287392027,-0.2546505567657322,-0.12683667379240623,0.7880420133310397,-0.39739726148218407,0.38475167052852266,0.9455828855333903,0.19415868099422073,-0.21911067981016,-0.1560978500654277,-0.7485959305631248,0.13330355927605492,-0.010328451552437223,-0.6005336865086878,0.28533816275964524,-0.36369804666321937,-0.06890134510793983,-0.3316039466393801,0.6495713978309601,0.07021473480119174,-0.27856353027373393,-0.14740002507630465,0.06839287684656167,-0.30071606900199294,-0.3480124096436216,-0.1349253765671846
0.9333208219592447,-0.10328050006791782,-0.21090105027512698,1.0,-0.7285454174667501,-0.45595801277880377,-0.6668621913456345,-0.40405868346238866,-0.6520843599560421,0.05347225004031852,0.40948015739446925,-0.38195470374625184,0.31872948788528765,-0.7606801628816384,0.8226111631727341,0.5332038637656832,0.510556411120246,0.9333246592142898,0.39827350954463675,-0.28413789547218743,-0.5395549913979824,-0.923487346668766,-0.0070062354599019164,-0.4052785506838741,0.7483856050366796,0.8822692794367515,0.3072519482233517,0.514210303867721,-0.2038365650374513,-0.28403182311422903,-0.673417454376512,-0.2940958096971005,-0.48609845233354987,0.5905308577235726,0.5979068366853343,0.559534030980807,0.5169200380817855,-0.7352151659301682,0.012601351740378058,-0.7182478973130013,0.8162970761226369,0.5548601384126822,0.9683207587353483,-0.11034571727004923,-0.1341755613591087,-0.6226597999467098,-0.21983951734095952,-0.8655829670914627,0.8393261971470667,-0.11496576685855105,0.5022033820001598
-0.7203836262624894,-0.03367521033963695,0.6015419697967191,-0.7285454174667501,1.0,0.5541652557500323,0.467279564954497,0.23859788604050336,0.5568227099886789,0.2764071679689309,-0.13949964053997943,0.4091724106291104,-0.30909643430688893,0.8019536180619374,-0.697383994339671,-0.6632244706034177,-0.441281448599116,-0.8222639508143175,-0.2707350612915437,-0.21911719754389494,0.4613599771786393,0.5960992245510695,-0.40867898423493926,-0.18213475116922023,-0.5335931990241563,-0.8747168161205482,-0.5147528528090981,-0.47410845014175507,0.7206651904483432,-0.23562594052922797,0.6835958283390129,0.6130308089737526,0.528620023323739,-0.38241552595779915,-0.6391479103147163,-0.7973577532921862,-0.37981792470272635,0.49264676179169303,-0.3347437671708892,0.5219676716132521,-0.6318676089985334,-0.6246242138352073,-0.7638108501488895,0.6532961387364076,0.11791818578011935,0.11990888497462986,0.12915492810780532,0.6957698672755335,-0.82434708410699,-0.3432472195958758,-0.5150435074410149
-0.5112025409772901,-0.22936976762650602,0.34498654382048505,-0.45595801277880377,0.5541652557500323,1.0,0.5297102765480296,0.007467122988674276,0.5630197068612082,0.001981541449534614,-0.09652770643386467,0.04988475015086585,-0.3304856253587474,0.5191363468611075,-0.4090840417500552,-0.2639941025986617,-0.04028794712842507,-0.3601005763267436,-0.7068868248911709,-0.24161738949649253,0.367316042147461,0.5677569276276923,-0.4774883418334807,0.30203185014943984,-0.5629528539157508,-0.3272360046036983,-0.35153988810901193,-0.15245561489762238,0.1552207939602668,-0.053839677326765555,0.5241563845756503,0.3116972975788835,0.29682013076636515,-0.13188271171979946,-0.35255208124458637,-0.6253891300680656,-0.4115257679103652,0.29638475795504626,-0.2028886340194622,0.42995304391737554,-0.4043953341080205,-0.3810863889714004,-0.3409975064312357,0.3187913412764773,0.12934427504731744,0.21765583201706556,0.4407389637718298,0.4798292288367931,-0.5121582996079213,-0.25784372917920595,-0.45366602913445986
-0.5437596448165258,-0.41441558388007704,0.19449533873270364,-0.6668621913456345,0.467279564954497,0.5297102765480296,1.0,0.7771422259020337,0.6304819192418388,0.4626787035542811,-0.07261435170259099,0.21354829015170995,-0.719419727649161,0.7601770596005415,-0.7987196987834315,-0.5107023783166172,-0.6575253272588648,-0.6113460872278543,-0.5539574546560732,0.36332532676940044,0.7337899822795049,0.8170086175089709,0.19571088596490843,0.3665220409626612,-0.39797083023771684,-0.41236438625784594,-0.625069914863481,-0.7047672073095607,0.21386625396361514,0.36743610270678356,0.8511988908931326,0.22959565094151935,0.4348423624213221,-0.01775427185849139,-0.8366106498409529,-0.41233100860540767,-0.8491437896758892,0.36676239297985114,0.2604189545684761,0.8859951923949753,-0.2863211330275587,-0.7506394419655126,-0.5765550580930603,-0.13398313854232252,-0.419349918280818,0.6574420323146969,0.6806901456343968,0.3808224325502335,-0.5121090834015624,0.19085338953817046,-0.7498380685013545
-0.15435607893805334,-0.42087780317719187,-0.05943602591229345,-0.40405868346238866,0.23859788604050336,0.007467122988674276,0.7771422259020337,1.0,0.5435197095002782,0.5266792552664957,0.31870292515381027,0.1983274743207241,-0.8012863173652137,0.6460274668535589,-0.651344788661374,-0.5254235334334347,-0.8415886820561239,-0.47883291404125483,-0.0421692202681634,0.3482050024583607,0.8221903961834612,0.5362613715645609,0.528892313464195,0.13465720132011277,0.14257387942505645,-0.2619165773667914,-0.6419765070218333,-0.8459958801528793,0.18920255825114707,0.23001370841049426,0.6442407437700065,0.050050099804559184,0.32461518776640746,0.3381063805039332,-0.8437188036134654,-0.11347656244391757,-0.7667944435546203,0.12258801782748689,0.3473375292141524,0.655827828792884,0.12398634200375769,-0.7203450475765681,-0.3554367645476216,-0.26618348111428386,-0.6559597476751681,0.5117138582738981,0.6797608446081721,0.11182927873828427,-0.3687993597288729,0.17008528906557113,-0.7626008571515023
-0.466585948724286,-0.20594283787825107,-0.03326799524975923,-0.6520843599560421,0.5568227099886789,0.5630197068612082,0.6304819192418388,0.5435197095002782,1.0,-0.028125156168070965,0.2804158325466703,0.25742117214213817,-0.7382496683775518,0.8482820368989203,-0.7231963084218842,-0.64423474778237,-0.6373312409018895,-0.6776636766788062,-0.2874835371102444,-0.19910397229335125,0.8917193291949799,0.767252089770522,-0.04310722188768849,0.2985588995624124,-0.21110609308379696,-0.5124565300363275,-0.6455250682027149,-0.6621153202202195,0.11997690272165379,-0.15427254769030857,0.741037208171712,0.06121455995452816,0.6496606822666304,0.06970673941618534,-0.6778733408281225,-0.5152295235127399,-0.6548677000634827,0.21761965684888981,-0.024579966361314758,0.5403574758319694,-0.26290028830322115,-0.6700390738523916,-0.5422716865096044,0.03205916256112645,-0.10913023584564686,0.3193858286605288,0.7513299672444794,0.5269491866998556,-0.8105274971707392,-0.27673276358064275,-0.8532914267722226
0.12113085919385246,-0.4556504027509424,0.5193495215221008,0.05347225004031852,0.2764071679689309,0.001981541449534614,0.4626787035542811,0.5266792552664957,-0.028125156168070965,1.0,0.19582659717320836,0.03313054048091117,-0.41182775418268663,0.31679110161617485,-0.33754800221574627,-0.4312865718877318,-0.4272355299245769,-0.09815440503176026,-0.05281665592612512,0.03632642564153379,0.2586916821696728,-0.023542416748816502,-0.03399566305997782,-0.5413134266794816,0.18827827051115195,-0.03487595580586329,-0.5272139443394142,-0.4482250245572769,0.6561835536363088,-0.07933360722666113,0.5084576858068076,0.45696054387276286,0.23005538302810435,0.31028419885649344,-0.5571248704855706,-0.25764165711364,-0.3526300893857972,-0.19232639678961583,0.08438966402776722,0.3683431409967155,0.2636973175136036,-0.4573684582678635,0.008909855558800913,0.21624549525308903,-0.5994080453089382,-0.07352007333529835,0.2614911814043329,-0.33253326374510467,0.05545521974376853,-0.11657151830696524,-0.3161421937042927
0.6431128909555176,-0.286665118883537,-0.19534170024534533,0.40948015739446925,-0.13949964053997943,-0.09652770643386467,-0.07261435170259099,0.31870292515381027,0.2804158325466703,0.19582659717320836,1.0,-0.15513354244782382,-0.4177596533221636,0.06532849833146785,0.09822780464480367,-0.3065882703428854,-0.15634723389238514,0.17704355309878975,0.5221589222329633,-0.574473414139072,0.47731155496834554,-0.29182679916743937,0.018901046578030756,-0.36201671043681727,0.8302021933111876,0.2986350830124978,-0.429401129087178,-0.19888228715992418,0.028766792655507026,-0.5877297887218158,0.032886907679674185,-0.14698867943296953,-0.059681044084693186,0.8827630147951131,-0.1464742843183588,0.04877092034026658,-0.05076877825380599,-0.6718210097190624,-0.19166775984939455,-0.3208734221942466,0.7331547957285849,-0.19542656735982775,0.4554424098631198,0.1429240558117693,-0.3025683475985803,-0.4564133885898833,0.5896462828716833,-0.446376813057008,-0.03472400481854072,-0.5575340841747091,-0.32922096682254104
-0.41625602231667436,0.12298524020416052,0.07905201665610262,-0.38195470374625184,0.4091724106291104,0.04988475015086585,0.21354829015170995,0.1983274743207241,0.25742117214213817,0.03313054048091117,-0.15513354244782382,1.0,-0.25700042317309385,0.299159292852983,-0.4842518521164614,-0.3673950030984677,-0.4328276412595837,-0.47847587936206026,-0.17111913626703631,0.02849443324283834,0.24579450359373306,0.3108564648456979,-0.12577410737436048,-0.09550665988869995,-0.2832512466377432,-0.4679780864618151,-0.30440666547702255,-0.4312363003843599,0.36047791184130273,-0.030982977439909357,0.2740710892734101,0.12723319378436035,0.21555158893164653,-0.2863782679479815,-0.4226984299578817,-0.3964006404508162,-0.2948166285008823,0.32194573541220073,-0.18815827953638276,0.2600418577775517,-0.3539659307840459,-0.3981312805717297,-0.47686740033849395,0.05655426062040104,0.04818591912480698,0.17482339086568416,0.030729528712833323,0.49206937966979253,-0.41941168349291136,-0.14640564967975106,-0.34630348490761015
0.13518770505879688,0.32580166801928584,-0.06524216220677548,0.31872948788528765,-0.30909643430688893,-0.3304856253587474,-0.719419727649161,-0.8012863173652137,-0.7382496683775518,-0.41182775418268663,-0.4177596533221636,-0.25700042317309385,1.0,-0.6712671637327763,0.6808973528710484,0.5852435548444388,0.8516725710651698,0.39562780050628993,0.34978189447724867,0.022928431651165683,-0.8645047858210657,-0.49971500265950974,-0.15139422658633148,-0.09578584048329686,-0.10481638507439298,0.19076520518499487,0.6625724941985623,0.8923205132008799,-0.2188578790260226,0.06629473161762085,-0.6726879371733478,-0.19647906923454334,-0.4624637324792174,-0.46270320719520686,0.7847593020641954,0.38218178844252154,0.6880440815595606,0.003207975567320914,-0.1362251890308316,-0.5785026379458049,-0.16139966915669404,0.5910439480873828,0.2413416303191667,0.22119461998813186,0.6796667623898218,-0.3368419920844349,-0.8131660229019181,-0.12208466050016183,0.43805852371186915,0.14884988724474965,0.949623998426845
-0.6279459397034182,-0.3532437894647141,0.24779107278899917,-0.7606801628816384,0.8019536180619374,0.5191363468611075,0.7601770596005415,0.6460274668535589,0.8482820368989203,0.31679110161617485,0.06532849833146785,0.299159292852983,-0.6712671637327763,1.0,-0.8046540586859123,-0.6674693513615382,-0.7272100514234965,-0.7994667065463656,-0.3106092490306338,-0.017084314704544534,0.8069259050686306,0.8130370842553379,0.010128923475235703,0.12941014851214316,-0.35577868421887926,-0.6872830728335788,-0.7628286500499725,-0.7288166038304453,0.48901089420508115,-0.047014594957043916,0.8907961745766539,0.2773931204039162,0.7351816736921629,-0.1197097656874203,-0.871640705609671,-0.5615911964382769,-0.7786494219546384,0.40366152618084045,0.06518044436860441,0.7749741473473304,-0.42063191017239354,-0.8637630888962285,-0.7143698761418792,0.2251740612934246,-0.17446921570481697,0.3852257289671336,0.5510229393353892,0.5843655508876067,-0.8105576863813999,-0.10617077374808866,-0.8301254599650801
0.6971495180274835,-0.04726808839453262,-0.39496692617251433,0.8226111631727341,-0.697383994339671,-0.4090840417500552,-0.7987196987834315,-0.651344788661374,-0.7231963084218842,-0.33754800221574627,0.09822780464480367,-0.4842518521164614,0.6808973528710484,-0.8046540586859123,1.0,0.8288715900207096,0.7945280508057215,0.8853872479412932,0.4157423710121522,-0.10183190101448276,-0.7446752357612026,-0.7835518158501266,0.10750801449164175,-0.09081387521547633,0.4606184790936176,0.7510959039210453,0.5686601029434337,0.8051103000319678,-0.4217371924259633,-0.040455927017259086,-0.8517491535047599,-0.5053232018986266,-0.5806768418840471,0.216071094932512,0.7772015615512523,0.7389477474038572,0.5802470283604502,-0.3878139208602718,0.1269545019396767,-0.7529128626753339,0.4983901035875337,0.6345017080872826,0.812876645577465,-0.077958830164361,0.21884432254394745,-0.4443945033103455,-0.49701552254082587,-0.5565756133673796,0.7921533069065458,0.1395624650035657,0.7604543926401344
0.33851542427335385,-0.08885900373386078,-0.47213495231434305,0.5332038637656832,-0.6632244706034177,-0.2639941025986617,-0.5107023783166172,-0.5254235334334347,-0.64423474778237,-0.4312865718877318,-0.3065882703428854,-0.3673950030984677,0.5852435548444388,-0.6674693513615382,0.8288715900207096,1.0,0.6353935943958664,0.7491307792881168,0.0038132466826487567,0.3465649924241364,-0.7202892076583854,-0.4310954277823627,0.35952464248135535,0.3559121559746377,0.07599969378095264,0.6406314079318423,0.6299880447448715,0.6529278685355907,-0.5565719043688425,0.41634326924220466,-0.7534727338719693,-0.55179328023219,-0.521609120574889,-0.05499802675414016,0.6223829125544988,0.7891942341972075,0.29275944732270454,0.03019059070432986,0.4274727155961026,-0.37225889412079965,0.20881383450956226,0.5475863866199308,0.547511188163809,-0.3993336360759987,0.15669331949083282,0.06778867734466225,-0.5160504120645284,-0.25745009608920655,0.7414444076117532,0.5921610587514768,0.6285936859854045
0.3434367723023751,0.13575881933983994,-0.1299042351330287,0.510556411120246,-0.441281448599116,-0.04028794712842507,-0.6575253272588648,-0.8415886820561239,-0.6373312409018895,-0.4272355299245769,-0.15634723389238514,-0.4328276412595837,0.8516725710651698,-0.7272100514234965,0.7945280508057215,0.6353935943958664,1.0,0.6132849586744135,0.20887756367305033,-0.18984557525424364,-0.7693511915543955,-0.5520819948641477,-0.27674304271314115,-0.010250779641042554,0.028714893924071377,0.4655238036392873,0.5839816541240261,0.9724250198601038,-0.3805387243018343,-0.03623104984009396,-0.6637358908123092,-0.28545521667831364,-0.5515465936109819,-0.13917979213146753,0.826723587549732,0.3703810273550934,0.6443311487206184,-0.23398964175333326,-0.17187578840754494,-0.666776387971322,0.08394807212462065,0.6092106546119959,0.5181734309512744,0.2062996018634338,0.5857893803353335,-0.43334410536678986,-0.498433064505683,-0.2915727936457538,0.5234224802532291,-0.023048177788557965,0.8559949282394138
0.8210448836476566,-0.15846093007966117,-0.3396984278958058,0.9333246592142898,-0.8222639508143175,-0.3601005763267436,-0.6113460872278543,-0.47883291404125483,-0.6776636766788062,-0.09815440503176026,0.17704355309878975,-0.47847587936206026,0.39562780050628993,-0.7994667065463656,0.8853872479412932,0.7491307792881168,0.6132849586744135,1.0,0.19290083981539566,-0.06913267604754637,-0.6394444316265551,-0.7995349827217898,0.10294603166372873,-0.11485636228435643,0.5502163077049673,0.9463087975639222,0.452759762529032,0.6153323194464908,-0.4114008088055512,-0.015350826243854272,-0.7103091258596503,-0.44390055348068613,-0.4771296510200668,0.43229851024493837,0.6636298758370299,0.6853303932299772,0.4518548544573099,-0.5619852616770266,0.2310284468716165,-0.6265872817563479,0.7009930566025474,0.6175723208192209,0.9489528495478715,-0.302994977231792,-0.10516055284447337,-0.4075290208665966,-0.2678466418190858,-0.7812343695204251,0.9284715272405571,0.13074542976311201,0.575806964043388
0.5581316052136324,0.08168905838423873,-0.296668501932776,0.39827350954463675,-0.2707350612915437,-0.7068868248911709,-0.5539574546560732,-0.0421692202681634,-0.2874835371102444,-0.05281665592612512,0.5221589222329633,-0.17111913626703631,0.34978189447724867,-0.3106092490306338,0.4157423710121522,0.0038132466826487567,0.20887756367305033,0.19290083981539566,1.0,-0.24316044732541317,-0.10759794837029535,-0.5236781866898778,0.20694458950683325,-0.4579072014184634,0.698341629657019,0.15473337413264415,0.08124992355958366,0.26034808890840644,-0.04172674753845063,-0.3477265835043639,-0.4013899627229449,-0.2940910469186738,-0.3049018376964178,0.30633788567834624,0.2797072610298249,0.41194956446647546,0.4006394328805057,-0.43444751024375416,-0.14278648028092356,-0.6015756340196855,0.43377987011466984,0.13190661615655463,0.3266756877171422,0.2169833602176289,0.14650695716119777,-0.5095869039577746,-0.18929253772287394,-0.3748360992302603,0.17093005368717085,-0.21981588655432568,0.3777528473402514
-0.2888949419105389,-0.15020390527567976,-0.3189870776397514,-0.28413789547218743,-0.21911719754389494,-0.24161738949649253,0.36332532676940044,0.3482050024583607,-0.19910397229335125,0.03632642564153379,-0.574473414139072,0.02849443324283834,0.022928431651165683,-0.017084314704544534,-0.10183190101448276,0.3465649924241364,-0.18984557525424364,-0.06913267604754637,-0.24316044732541317,1.0,-0.07159448557277466,0.35617345223353497,0.7386680038306687,0.5651785537478218,-0.32754678480318494,-0.03413793897995258,0.2707881612711332,-0.17465144352088338,-0.34406565151620194,0.9543805346408437,-0.021463589019503845,-0.2643307977597818,-0.1367066554526734,-0.3251613932166804,-0.1932217452508723,0.43243756490136553,-0.3540437949678689,0.5807218043013048,0.7261530198978222,0.4273679443188845,-0.19517484170873656,-0.07064413123327969,-0.2516519199842954,-0.6429771841951394,-0.3044966851884105,0.8243352792827215,-0.14893092740371455,0.1999350456181666,0.22085062061593438,0.8864280162788061,0.07399927657569141
-0.2709821221946436,-0.3251825623403046,-0.04037605678794721,-0.5395549913979824,0.4613599771786393,0.367316042147461,0.7337899822795049,0.8221903961834612,0.8917193291949799,0.2586916821696728,0.47731155496834554,0.24579450359373306,-0.8645047858210657,0.8069259050686306,-0.7446752357612026,-0.7202892076583854,-0.7693511915543955,-0.6394444316265551,-0.10759794837029535,-0.07159448557277466,1.0,0.6702702349778699,0.16269925921917894,0.1618342634339682,0.044110678362558116,-0.4327102714807415,-0.7253870297397802,-0.817229217762693,0.1655956911563572,-0.08552341593572695,0.7405286683594112,0.09015758074461869,0.464743225375015,0.3320235735320082,-0.8227980231243327,-0.41478864782507585,-0.72357912174749,0.10646585057653887,0.04515645336765095,0.5431736932948442,-0.005134239994174854,-0.7588244880489704,-0.4418234796126407,-0.019064212667523978,-0.39611708862633843,0.3531772133453557,0.8628356533306872,0.33780601711521885,-0.7005233033585846,-0.236314813572703,-0.9009760399216822
-0.825909829659721,-0.19026230957016266,0.004937985750052801,-0.923487346668766,0.5960992245510695,0.5677569276276923,0.8170086175089709,0.5362613715645609,0.767252089770522,-0.023542416748816502,-0.29182679916743937,0.3108564648456979,-0.49971500265950974,0.8130370842553379,-0.7835518158501266,-0.4310954277823627,-0.5520819948641477,-0.7995349827217898,-0.5236781866898778,0.35617345223353497,0.6702702349778699,1.0,0.1642908716203177,0.5887547458071659,-0.6648444413936966,-0.679020007245115,-0.4155787185747662,-0.5799652061395338,0.045213550931308244,0.4062621908297419,0.7386157882330873,0.07381393631258126,0.5262309537394777,-0.3916548504852266,-0.7041905277733348,-0.417360392408416,-0.7509903488616637,0.684780171818734,0.23189174520688502,0.8022084177732968,-0.6370656106824273,-0.6738464178804402,-0.8222695079888676,-0.09960809109838989,-0.04741972205697351,0.7521400913518782,0.4709792955242271,0.7822018541108828,-0.7422583873744557,0.21130128083515198,-0.6437351654335041
0.12393645419593895,-0.3381326857590985,-0.6537264310772368,-0.0070062354599019164,-0.40867898423493926,-0.4774883418334807,0.19571088596490843,0.528892313464195,-0.04310722188768849,-0.03399566305997782,0.018901046578030756,-0.12577410737436048,-0.15139422658633148,0.010128923475235703,0.10750801449164175,0.35952464248135535,-0.27674304271314115,0.10294603166372873,0.20694458950683325,0.7386680038306687,0.16269925921917894,0.1642908716203177,1.0,0.49038276003233333,0.2454147101900044,0.21472565719315098,0.043967698609378277,-0.22868511148624418,-0.4301090177701534,0.6475852627552511,-0.11858039267952668,-0.5807400423021359,-0.1513898123356634,0.17555626254121945,-0.20240601698669697,0.7214365881337718,-0.3975568496782807,0.20106256720591792,0.7650036700428021,0.22949370187217555,0.24340793615251843,-0.16496822240521922,0.040909603162378884,-0.684513007845211,-0.41219904844373156,0.5905766775893344,0.10763007468689591,-0.05177175539883123,0.24247360247542007,0.765188737022512,-0.08804390013230168
-0.40849057818099965,-0.08297245574593498,-0.5061441612326997,-0.4052785506838741,-0.18213475116922023,0.30203185014943984,0.3665220409626612,0.13465720132011277,0.2985588995624124,-0.5413134266794816,-0.36201671043681727,-0.09550665988869995,-0.09578584048329686,0.12941014851214316,-0.09081387521547633,0.3559121559746377,-0.010250779641042554,-0.11485636228435643,-0.4579072014184634,0.5651785537478218,0.1618342634339682,0.5887547458071659,0.49038276003233333,1.0,-0.4441535914892546,-0.00117101691376242,0.14951262929483017,-0.018993199729425918,-0.6592374395998851,0.6802038556546329,0.04153099402287283,-0.45048216768200444,-0.026662936056649215,-0.2485526285009455,-0.0437249923203083,0.27192862084621466,-0.3974533169267153,0.48349958640719026,0.4690759242206549,0.3934723651622492,-0.3285309251662515,-0.06125457248017029,-0.2660669233006101,-0.5972847890973713,0.09007949572047322,0.7651402442772142,0.224459546726576,0.4323258142963813,-0.12175453285723377,0.6428743868760545,-0.15488541150979943
0.9101202567174733,-0.1963905047168039,-0.33070501073389924,0.7483856050366796,-0.5335931990241563,-0.5629528539157508,-0.39797083023771684,0.14257387942505645,-0.21110609308379696,0.18827827051115195,0.8302021933111876,-0.2832512466377432,-0.10481638507439298,-0.35577868421887926,0.4606184790936176,0.07599969378095264,0.028714893924071377,0.5502163077049673,0.698341629657019,-0.32754678480318494,0.044110678362558116,-0.6648444413936966,0.2454147101900044,-0.4441535914892546,1.0,0.6124515508459556,-0.07799855292901883,0.04144265926286573,-0.10954519182896241,-0.40967300141088386,-0.35826912411889844,-0.30714419071859067,-0.2892791469613487,0.8516607613583793,0.17370172450133603,0.46226743024859,0.22077184171539727,-0.7654936191345483,0.018919704050420615,-0.5431924156638869,0.9173366676499286,0.1554873145171193,0.7366260502532577,-0.10168486008965992,-0.35996321193322345,-0.5200004686138601,0.19348485741699548,-0.7566450509938061,0.4455959979242026,-0.25707031038880146,0.06525307523815102
0.8309498764246743,-0.2485140429751866,-0.40883859287392027,0.8822692794367515,-0.8747168161205482,-0.3272360046036983,-0.41236438625784594,-0.2619165773667914,-0.5124565300363275,-0.03487595580586329,0.2986350830124978,-0.4679780864618151,0.19076520518499487,-0.6872830728335788,0.7510959039210453,0.6406314079318423,0.4655238036392873,0.9463087975639222,0.15473337413264415,-0.03413793897995258,-0.4327102714807415,-0.679020007245115,0.21472565719315098,-0.00117101691376242,0.6124515508459556,1.0,0.25589822886578517,0.48115099483035695,-0.4598697738858957,0.008438655666061083,-0.537310758313688,-0.5122423702951036,-0.39066691851816404,0.562223717509236,0.5375952517018601,0.6878746262680014,0.26890723499683833,-0.6686942769056448,0.2880151866230744,-0.46900198797382525,0.7624971750891215,0.4746437019900198,0.9227764805048828,-0.441899546581293,-0.2016794186666983,-0.3257344739649574,-0.004633095155724327,-0.8375917726085347,0.8645507736097348,0.17241711662638978,0.3879026494537122
0.17628389961312213,0.49936099342496754,-0.2546505567657322,0.3072519482233517,-0.5147528528090981,-0.35153988810901193,-0.625069914863481,-0.6419765070218333,-0.6455250682027149,-0.5272139443394142,-0.429401129087178,-0.30440666547702255,0.6625724941985623,-0.7628286500499725,0.5686601029434337,0.6299880447448715,0.5839816541240261,0.452759762529032,0.08124992355958366,0.2707881612711332,-0.7253870297397802,-0.4155787185747662,0.043967698609378277,0.14951262929483017,-0.07799855292901883,0.25589822886578517,1.0,0.5531263378862876,-0.591802481046889,0.34092012864040977,-0.8120744133511034,-0.17459344860311962,-0.5958742929255971,-0.2601746570395351,0.7364007345988809,0.4227504817333315,0.706166851267963,0.16543666220556294,0.08889717487109816,-0.5983679734318856,0.014960915629970664,0.8585557573852894,0.30929769659504996,-0.2697894681349489,0.1887141990753395,0.01592026627635186,-0.6779124447805558,-0.08451396124972178,0.5309032724242608,0.25970502759761416,0.7602335976583035
0.33291177871679856,0.1907241937036068,-0.12683667379240623,0.514210303867721,-0.47410845014175507,-0.15245561489762238,-0.7047672073095607,-0.8459958801528793,-0.6621153202202195,-0.4482250245572769,-0.19888228715992418,-0.4312363003843599,0.8923205132008799,-0.7288166038304453,0.8051103000319678,0.6529278685355907,0.9724250198601038,0.6153323194464908,0.26034808890840644,-0.17465144352088338,-0.817229217762693,-0.5799652061395338,-0.22868511148624418,-0.018993199729425918,0.04144265926286573,0.48115099483035695,0.5531263378862876,1.0,-0.3388908788867003,-0.0684437093333721,-0.6584089433849661,-0.3081348242538911,-0.4635744454981975,-0.20430624545139997,0.8740208715462395,0.41941810805381613,0.6652408891556942,-0.28172386196210725,-0.16307734996590267,-0.6257176326774316,0.04237315186551661,0.6265449683022517,0.490617319159148,0.168465386571199,0.6472380375272274,-0.47279812652920133,-0.5705532299460079,-0.3340392642666791,0.5365556861268087,0.05064342572545513,0.8777530332470445
-0.2583237320553431,-0.07380855540738052,0.7880420133310397,-0.2038365650374513,0.7206651904483432,0.1552207939602668,0.21386625396361514,0.18920255825114707,0.11997690272165379,0.6561835536363088,0.028766792655507026,0.36047791184130273,-0.2188578790260226,0.48901089420508115,-0.4217371924259633,-0.5565719043688425,-0.3805387243018343,-0.4114008088055512,-0.04172674753845063,-0.34406565151620194,0.1655956911563572,0.045213550931308244,-0.4301090177701534,-0.6592374395998851,-0.10954519182896241,-0.4598697738858957,-0.591802481046889,-0.3388908788867003,1.0,-0.4888505874511528,0.5179195750799389,0.6982963506119987,0.4409830357696521,-0.11363825502617873,-0.4589627596355652,-0.6186001629248233,-0.16504983742577212,-0.011516910193778013,-0.39996186033092096,0.3531109088267615,-0.236283052446974,-0.4599488074590407,-0.3503245984090274,0.6729980020209948,-0.044345106563716964,-0.30900651837210813,-0.055734056609726836,0.10074768005340286,-0.3762217977201169,-0.3695535140646615,-0.33070058915579853
-0.29815725825972456,-0.2190648732674048,-0.39739726148218407,-0.28403182311422903,-0.23562594052922797,-0.053839677326765555,0.36743610270678356,0.23001370841049426,-0.15427254769030857,-0.07933360722666113,-0.5877297887218158,-0.030982977439909357,0.06629473161762085,-0.047014594957043916,-0.040455927017259086,0.41634326924220466,-0.03623104984009396,-0.015350826243854272,-0.3477265835043639,0.9543805346408437,-0.08552341593572695,0.4062621908297419,0.6475852627552511,0.6802038556546329,-0.40967300141088386,0.008438655666061083,0.34092012864040977,-0.0684437093333721,-0.4888505874511528,1.0,-0.04668201232408769,-0.3542147525160569,-0.17823893284673079,-0.3331070596813057,-0.14040977634574558,0.4224917682352423,-0.3578981469422899,0.6218297191517331,0.7441617574548706,0.3600241967496978,-0.20625000692622475,-0.04504660337275533,-0.1959266809682745,-0.6321476397495218,-0.23962005845499637,0.848732772742196,-0.08332659142756621,0.2560692766107873,0.2289300982192496,0.8290481724882407,0.118108861010468
-0.5491290541114805,-0.34273798637751346,0.38475167052852266,-0.673417454376512,0.6835958283390129,0.5241563845756503,0.8511988908931326,0.6442407437700065,0.741037208171712,0.5084576858068076,0.032886907679674185,0.2740710892734101,-0.6726879371733478,0.8907961745766539,-0.8517491535047599,-0.7534727338719693,-0.6637358908123092,-0.7103091258596503,-0.4013899627229449,-0.021463589019503845,0.7405286683594112,0.7386157882330873,-0.11858039267952668,0.04153099402287283,-0.35826912411889844,-0.537310758313688,-0.8120744133511034,-0.6584089433849661,0.5179195750799389,-0.04668201232408769,1.0,0.34943904301894035,0.7605162895694257,-0.09515269024158286,-0.8113205917989953,-0.6295519438813569,-0.7330623494428702,0.18328115527225244,0.018375982714949172,0.8111480221375246,-0.36402711351033695,-0.812596461868337,-0.6283570192320446,0.18000244788117745,-0.22776355137184184,0.28316000005795533,0.6321019582887912,0.3485430422785069,-0.6730089614343363,-0.14835173727217404,-0.7616175823934583
-0.37238639860822176,0.3903856245636267,0.9455828855333903,-0.2940958096971005,0.6130308089737526,0.3116972975788835,0.22959565094151935,0.050050099804559184,0.06121455995452816,0.45696054387276286,-0.14698867943296953,0.12723319378436035,-0.19647906923454334,0.2773931204039162,-0.5053232018986266,-0.55179328023219,-0.28545521667831364,-0.44390055348068613,-0.2940910469186738,-0.2643307977597818,0.09015758074461869,0.07381393631258126,-0.5807400423021359,-0.45048216768200444,-0.30714419071859067,-0.5122423702951036,-0.17459344860311962,-0.3081348242538911,0.6982963506119987,-0.3542147525160569,0.34943904301894035,1.0,0.12211304429902328,-0.15510876354957426,-0.2235815107617537,-0.7906012500443373,0.13738676811917996,0.0860656672551666,-0.6140002700721484,0.2724103570659771,-0.3453212532973362,-0.030962746052686205,-0.40368616250223854,0.5548615530741011,-0.044302058878033616,-0.1505711896280075,-0.09053049399960043,0.17085381745555722,-0.39623781615315523,-0.3642027882282912,-0.24421019552514328
-0.4258410360406759,-0.24781734644186268,0.19415868099422073,-0.48609845233354987,0.528620023323739,0.29682013076636515,0.4348423624213221,0.32461518776640746,0.6496606822666304,0.23005538302810435,-0.059681044084693186,0.21555158893164653,-0.4624637324792174,0.7351816736921629,-0.5806768418840471,-0.521609120574889,-0.5515465936109819,-0.4771296510200668,-0.3049018376964178,-0.1367066554526734,0.464743225375015,0.5262309537394777,-0.1513898123356634,-0.026662936056649215,-0.2892791469613487,-0.39066691851816404,-0.5958742929255971,-0.4635744454981975,0.4409830357696521,-0.17823893284673079,0.7605162895694257,0.12211304429902328,1.0,-0.2395618304215083,-0.5288463338775614,-0.4370146674672965,-0.5119639880138653,0.13145351909943376,0.14710030906239782,0.5772892781105444,-0.33562554630870556,-0.5554904099508918,-0.4586519369894816,0.057963339537995186,-0.09382638312559133,0.0812777655068551,0.3205849935224183,0.25794590673596124,-0.4809431999366092,-0.15095695410328852,-0.5617099276874616
0.766621948678458,-0.3642802105475327,-0.21911067981016,0.5905308577235726,-0.38241552595779915,-0.13188271171979946,-0.01775427185849139,0.3381063805039332,0.06970673941618534,0.31028419885649344,0.8827630147951131,-0.2863782679479815,-0.46270320719520686,-0.1197097656874203,0.216071094932512,-0.05499802675414016,-0.13917979213146753,0.43229851024493837,0.30633788567834624,-0.3251613932166804,0.3320235735320082,-0.3916548504852266,0.17555626254121945,-0.2485526285009455,0.8516607613583793,0.562223717509236,-0.2601746570395351,-0.20430624545139997,-0.11363825502617873,-0.3331070596813057,-0.09515269024158286,-0.15510876354957426,-0.2395618304215083,1.0,-0.0921889043253516,0.23084262466446365,-0.06296725267382244,-0.6741007074004008,0.03431254921332861,-0.28063549375319263,0.8998258641632723,-0.029692161751848856,0.6535613023979244,-0.13908965119607733,-0.5712769312955163,-0.2958202833761247,0.5592141296893591,-0.629148949517462,0.27973123583422926,-0.29663238098910805,-0.2793854684555137
0.43136720164356196,0.5129431484255345,-0.1560978500654277,0.5979068366853343,-0.6391479103147163,-0.35255208124458637,-0.8366106498409529,-0.8437188036134654,-0.6778733408281225,-0.5571248704855706,-0.1464742843183588,-0.4226984299578817,0.7847593020641954,-0.871640705609671,0.7772015615512523,0.6223829125544988,0.826723587549732,0.6636298758370299,0.2797072610298249,-0.1932217452508723,-0.8227980231243327,-0.7041905277733348,-0.20240601698669697,-0.0437249923203083,0.17370172450133603,0.5375952517018601,0.7364007345988809,0.8740208715462395,-0.4589627596355652,-0.14040977634574558,-0.8113205917989953,-0.2235815107617537,-0.5288463338775614,-0.0921889043253516,1.0,0.42391838320529573,0.868777081218872,-0.38287421517445724,-0.24136924597676143,-0.7446589245497099,0.15122171167703008,0.9017436687278533,0.5516001330560244,-0.046950779784834216,0.5140626018624503,-0.4975926096685507,-0.605852976915892,-0.4251258427872989,0.5844191817374687,0.021875189855621396,0.838001865556948
0.5662293785318391,-0.2552380821112099,-0.7485959305631248,0.559534030980807,-0.7973577532921862,-0.6253891300680656,-0.41233100860540767,-0.11347656244391757,-0.5152295235127399,-0.25764165711364,0.04877092034026658,-0.3964006404508162,0.38218178844252154,-0.5615911964382769,0.7389477474038572,0.7891942341972075,0.3703810273550934,0.6853303932299772,0.41194956446647546,0.43243756490136553,-0.41478864782507585,-0.417360392408416,0.7214365881337718,0.27192862084621466,0.46226743024859,0.6878746262680014,0.4227504817333315,0.41941810805381613,-0.6186001629248233,0.4224917682352423,-0.6295519438813569,-0.7906012500443373,-0.4370146674672965,0.23084262466446365,0.42391838320529573,1.0,0.13282447758086413,-0.1717042929197553,0.6313500969167177,-0.3693534005082966,0.49874713473012305,0.3340333699704748,0.5909974538477902,-0.569997469647888,-0.10323479447522246,0.07670419175815905,-0.2470176300819482,-0.45193846136930715,0.7303202216756387,0.6022182617381859,0.4924618093362715
0.3939534290177982,0.7003341474368001,0.13330355927605492,0.5169200380817855,-0.37981792470272635,-0.4115257679103652,-0.8491437896758892,-0.7667944435546203,-0.6548677000634827,-0.3526300893857972,-0.05076877825380599,-0.2948166285008823,0.6880440815595606,-0.7786494219546384,0.5802470283604502,0.29275944732270454,0.6443311487206184,0.4518548544573099,0.4006394328805057,-0.3540437949678689,-0.72357912174749,-0.7509903488616637,-0.3975568496782807,-0.3974533169267153,0.22077184171539727,0.26890723499683833,0.706166851267963,0.6652408891556942,-0.16504983742577212,-0.3578981469422899,-0.7330623494428702,0.13738676811917996,-0.5119639880138653,-0.06296725267382244,0.868777081218872,0.13282447758086413,1.0,-0.3723038691983016,-0.496291026436054,-0.8004783659929686,0.13255743192233993,0.8854274761857642,0.4210816425153159,0.21961791141008258,0.3959498875535451,-0.6398739239331961,-0.6549229604642826,-0.3692774341193552,0.40761611717471713,-0.267881889958519,0.7552083630218815
-0.7928444962909124,0.005867915870016012,-0.010328451552437223,-0.7352151659301682,0.49264676179169303,0.29638475795504626,0.36676239297985114,0.12258801782748689,0.21761965684888981,-0.19232639678961583,-0.6718210097190624,0.32194573541220073,0.003207975567320914,0.40366152618084045,-0.3878139208602718,0.03019059070432986,-0.23398964175333326,-0.5619852616770266,-0.43444751024375416,0.5807218043013048,0.10646585057653887,0.684780171818734,0.20106256720591792,0.48349958640719026,-0.7654936191345483,-0.6686942769056448,0.16543666220556294,-0.28172386196210725,-0.011516910193778013,0.6218297191517331,0.18328115527225244,0.0860656672551666,0.13145351909943376,-0.6741007074004008,-0.38287421517445724,-0.1717042929197553,-0.3723038691983016,1.0,0.30181399267420783,0.46838044665842155,-0.7034218441116349,-0.2765779002207366,-0.7035267071180468,-0.05753524252457072,0.0691995977916516,0.76753345618751,-0.20988595470844718,0.8600147944226835,-0.4067568619100736,0.42087211108188605,-0.1405187448026456
0.07540755573494186,-0.610695723690298,-0.6005336865086878,0.012601351740378058,-0.3347437671708892,-0.2028886340194622,0.2604189545684761,0.3473375292141524,-0.024579966361314758,0.08438966402776722,-0.19166775984939455,-0.18815827953638276,-0.1362251890308316,0.06518044436860441,0.1269545019396767,0.4274727155961026,-0.17187578840754494,0.2310284468716165,-0.14278648028092356,0.7261530198978222,0.04515645336765095,0.23189174520688502,0.7650036700428021,0.4690759242206549,0.018919704050420615,0.2880151866230744,0.08889717487109816,-0.16307734996590267,-0.39996186033092096,0.7441617574548706,0.018375982714949172,-0.6140002700721484,0.14710030906239782,0.03431254921332861,-0.24136924597676143,0.6313500969167177,-0.496291026436054,0.30181399267420783,1.0,0.27315398230058974,0.2063351238566937,-0.19073561182016147,0.13136104322698103,-0.6969630222820483,-0.5041235655504497,0.598562852041768,0.099528015555005,-0.06636004696730392,0.3894466863025729,0.6991258778089225,-0.03915651483557921
